"y"
7.6430204637679
12.7226796671263
8.81217778844401
15.0405571572922
10.3493045712491
5.01833724460753
11.3471259649311
11.6549623197844
20.7161819102828
27.5674979520856
17.2825104888865
14.5270160769242
8.824527001631
8.8140467479978
6.07614301860246
3.32296385366985
3.84818567918886
4.52381480486481
5.98199056193213
4.91422316993505
6.67948117681137
7.97657077906042
10.0526655427541
7.01149658334297
8.26740455263703
14.2054185777908
9.88022597543023
16.5888409535446
10.9954378614518
5.223928893354
11.6724775492151
11.7892209273979
20.8036242893963
27.7175020666763
18.110573463362
14.8695018745122
9.28099743125134
9.29290631902356
6.34438520299646
3.53300182807746
4.18383962408043
4.93007475491773
6.36503231778138
5.32529293350478
6.90590137378126
7.86045020649341
10.1096413173394
6.83063685564065
7.93556868551645
13.0351849887495
8.67612951285696
14.8597528629604
10.192494092529
4.9582430258403
11.4055525584618
12.3323404386861
19.7246126481181
24.8691398519598
16.6223043506805
13.5677558017885
9.13320468599176
9.163642457462
6.94737129858947
3.8191000442822
4.34126460705727
5.22730210096682
6.59388485478987
5.05492337380291
6.12960410141136
7.21457920747961
8.95745341237298
5.93910986535237
6.45760276047417
9.62137400547732
7.39110215086706
13.1283473037339
9.75975487818017
4.67828186184494
11.5811026469928
13.2490818514401
20.095360040712
24.2319546463954
16.8590935384093
12.536512783775
8.7439167467009
8.66975668400796
6.85229747842389
3.58509894137979
4.21568162497538
5.00343989629022
6.62151025330172
4.80058618560829
6.21618359346837
7.80994345644231
10.0846985180932
6.53961990761371
7.24846834386561
10.4226680318755
8.21019715421816
14.4258990876094
10.2909961028012
4.48484574877831
12.4179272545369
14.3051230660644
22.5078817177475
27.1019122403431
18.3481431382388
13.8675220935083
9.7837220737123
9.79905891177319
6.76352072992823
3.50428390937029
4.38447677652351
5.14746425546122
6.80720563542042
5.0875718024101
6.89240177427036
8.53651366429352
11.7163297817516
7.7929454752102
8.41446096670739
11.8129238075126
8.78269123822574
15.4066514066948
9.83706423205346
4.21552481826933
11.365513183645
13.1566842473697
21.8484651348332
28.459268206552
18.0000058422241
14.417451227135
10.0200490143869
10.0446563903599
6.70402449532247
3.49324206621992
4.85999907489165
5.13656314406177
6.2613099258443
4.60896156037131
6.05587033158302
8.0657032941293
12.0545659118744
7.72347675407253
8.31218630186673
12.3134799599838
9.68253263463466
15.5228384342664
9.82525151782505
4.46930976098067
10.788901018004
12.9860825532646
21.6477899302417
28.0471707631646
17.6206391257119
13.2299641444817
8.60114361529405
8.94570183941003
6.1387409078495
3.27282286825137
4.74647308313969
4.6731039052983
5.93440824858639
4.27374847219807
5.66085844392737
8.09956145516729
12.6157412726795
7.61787277617688
8.36001741056122
12.2324616498005
9.9310748445105
15.7806305214793
9.98390137206098
4.8019256846423
10.1931955804965
12.0740422216748
21.1588012408161
26.1766758644521
16.4474112230793
13.0416984512487
8.13748285658173
8.91368416150798
6.29013674023941
3.42781912710251
4.57142946308081
4.7967550880213
6.28791601533877
4.2848505354731
6.06129477978611
7.85272632367435
11.9103852940448
7.79016058039788
8.31331171674211
11.3138704926354
9.27197371819133
16.4551615348848
10.6652979057864
5.35719575528427
10.4854486990761
10.6521285703208
19.7404278367159
24.6173501723606
15.5273624615812
12.7325785862034
8.0348391582807
8.75282156911416
5.93721357451405
3.10367477479154
4.4001655586775
4.8702314739024
6.17200895726486
4.31613828464313
6.17044873414047
7.28310709854577
11.8270825362121
7.87698751133061
8.37661014379673
11.1441577925714
9.78708953325032
15.7301905733358
9.7536817424047
4.96238125510022
10.579158767459
10.5280158543623
19.2762338062662
24.473311635233
15.112613245063
12.1489592878584
8.05445070435104
8.57686973414895
5.71547038731431
2.98907466633193
4.38979906417676
4.72512934244829
5.75985855728002
4.2006320660512
5.86546709132764
7.42997655189545
11.9928973051273
7.4904748081534
8.04290771512803
11.7053985874351
10.663446000874
16.4597067718291
10.0765374536735
4.57365436062182
10.9285399268655
11.3267976145495
20.4361172886612
26.007977683523
15.3148924134326
12.6692482261314
8.18555768985254
8.81449010292799
5.93436527162723
3.07859272634823
4.54931836899865
4.6895010006521
5.8200958467962
4.25591270515601
6.49153108414183
7.97051146200112
11.9705536913798
7.16320600293711
8.31820213727286
12.5227103529052
11.4172033084869
16.9530571065606
10.7975096283146
4.54490851239364
10.8432117829518
11.421502289589
21.4926695494393
27.2650346174486
16.4362718810542
12.1636505053681
7.70594070619151
8.46475059723024
5.97812863056539
2.98350321362086
4.66447696195847
4.35676729209097
5.35886757918127
4.17979247725433
6.30955084210817
7.13408502323138
10.7520884556277
6.56698614486597
8.32222624046743
11.6468813482965
11.4545811421982
16.5235722342291
10.2524275276158
4.26177315373177
10.0958800866035
11.6026574587229
22.948711049415
27.2239505392804
17.6450278824292
12.5829065725611
7.66724669859037
8.49333042673349
6.10828897340311
2.98697869631997
4.75542258323478
4.17082039793298
5.06591815352232
4.12586190584124
6.18178980333119
7.45187156991616
11.4178960799883
7.48809298668789
9.11087622374587
11.331206015245
11.2580667068904
16.6515283531596
10.9592159598085
4.50361166060512
10.6460189977466
12.3582375735509
23.6576203390394
28.1464374695082
17.7542018366553
14.0420515055435
8.22522421242928
8.65432240996956
6.02921749504057
2.75429516608545
4.43738111660099
4.14516473156118
5.11646219954415
4.24139752708626
6.45590944092766
8.32990851837191
13.5466642583698
8.78491592177687
9.66214328019527
11.2283724025673
11.4847896213423
17.9633745614224
11.613390141632
4.73547073491205
11.2117277147553
11.9973949479459
21.4487606088555
25.5744467503154
14.8948691933745
12.8244171406655
7.43687468749283
7.24565047097563
5.2035698111634
2.37597149223522
3.9061711246846
3.81512790702252
4.93817592110479
4.21626648003694
6.65184441318817
8.20236143584448
13.9267801882997
8.386616168528
9.067486442995
10.7554493809931
11.5679217858321
17.3785316649335
10.9953966161049
4.16820226419438
10.0012133922566
11.1938566129666
19.8419634695722
23.4838530955493
13.7545283697913
11.798029186943
6.66698961574173
6.09917966467691
4.41827730931865
2.14526478086837
3.62949186644724
3.54075146871071
4.75868595053298
4.00240128917753
6.32461556945563
7.62964390942331
12.7174552657158
7.3014076795025
8.1997338859052
9.99974412019916
10.6226354538094
16.0477716444706
10.1641153049179
3.78457504986135
8.51077207011166
10.5985635383329
20.0884041864654
23.3211069269256
14.5051671044215
11.5881357785385
6.39986723489213
6.06303645891412
4.44318803246794
1.99522530240433
3.39348376942963
3.1812991679529
4.46076917367104
3.64763893727091
5.86840528057753
7.1894581233315
12.4825400585452
7.06697051992087
7.7921192033678
9.89228015262045
10.8721548913659
16.5589986634804
10.3849198381759
3.96584941476593
8.40525611340681
11.027333395827
20.6197706804498
23.2785001719926
14.83446773055
11.9595600040158
6.66101550806333
6.42530350389684
4.84036961957023
2.13796564629134
3.4565984374815
3.19696509017392
4.41770244270799
3.44503176747424
5.56087773896615
6.91427073216753
11.9907688636884
7.0415020800023
7.81536575426966
9.72255495816427
11.2797258191739
15.6157176837356
10.4394519280004
4.13086147047484
8.62744821988927
10.9288867829755
20.9151253488659
24.1596159941689
15.9228834649526
12.7574841752174
7.12507128265757
6.6223129986472
4.80188973464603
2.14281947021453
3.53471650955892
3.42047806125099
4.67628650543221
3.46379867653188
5.54972680822247
7.05796438543104
11.9362224168742
6.78730637755747
8.18018171578472
10.1262918326289
11.7797563675995
17.1051523743528
11.1185861544301
4.43732769106531
9.16818962369598
11.4659307437404
23.0969664967957
27.5917721252505
17.7499989165776
13.6088418994085
7.28788449054375
6.80348232555545
4.88135049269863
2.19568970521293
3.47851142659117
3.5698511247761
5.0398730970414
3.7070259956099
6.47380034360252
7.85741447579102
12.3752415249976
6.6638098701768
8.28640010536035
10.553050780107
12.4562514514083
19.4714271252589
11.9928716165479
4.76885780541622
9.40086311744527
11.9009562974579
22.5266438416879
28.762092881024
18.4656557140786
14.172252344535
7.39325339378912
6.91398879244977
4.84074629066707
2.31833568524986
3.28914973950632
3.43549215873067
4.89505849768862
3.58555378001355
6.4654893527767
7.97029890266908
12.2008010810193
6.74035625765366
8.41036994907235
10.9616667666198
12.859103743327
19.9338052993923
12.7957045024867
5.10303948142655
10.3063629802139
12.3206864717732
23.3915396022706
30.9014473646222
20.2071789182695
15.4700990664432
7.51595956652536
7.5417645195609
5.0436718269358
2.44579639990168
3.36869262468609
3.36759937295288
4.50565076474363
3.33846916188304
5.78988974905316
7.27635656506469
11.3099043014126
7.0271457673017
8.84164517641013
10.898203550323
12.391200677295
18.5743663891999
12.1633274830846
5.25540096477837
10.7632511272027
12.412979521391
24.3269923375822
31.4518066200839
20.621133867588
14.6737455959358
7.0961806897246
7.53833425390584
5.18939081969864
2.59081207672886
3.55197617898482
3.48070244870577
4.54038993569659
3.45895260509596
5.83534063413565
6.92144895263961
11.1278549864231
6.73280258140777
8.40085451228859
10.4500205597833
11.5771978422295
16.672961516948
11.0869373781713
5.18489565390777
10.039029236541
12.3173932606593
23.9710026010595
30.1353197532088
17.9373424117952
12.5881005801029
6.69695198096326
7.10339930404448
4.64006089692949
2.40619742116052
3.27680219359395
3.3462773972558
4.52936254752144
3.42765717894557
5.70576189219736
6.55255638217664
11.3497898742565
6.59371601497223
8.21276131416422
10.1162865912948
10.9331770259358
16.5318695493332
12.097046228974
5.40614759239587
9.86897418375793
12.9902259523196
22.8191286648986
30.9085778117981
17.3021229005278
12.2549740257214
6.68839784964659
7.25111206207959
4.64753863065772
2.16836226196514
2.98359888560403
3.25513972616476
4.42995399774545
3.36020588921969
6.06473743930972
6.68724990288208
11.628991656311
6.69839466994249
8.1015426042326
10.0913656671354
11.2592286478385
17.418048822946
12.5495713104423
5.75471578261783
10.7693855700899
13.4513812826196
22.1037903902962
32.0455207968073
18.6953873067652
13.017664897817
6.54286300042074
7.05654864770246
4.66527239231035
1.99899319799133
2.78035187501868
3.12021513374972
4.35398220519522
3.49682944883568
6.22294216432141
6.73803821555783
11.8983731332948
6.95834984659621
8.35597213250433
11.6057779611965
13.1386053093055
19.1604775334177
12.802787249724
6.25398631549823
11.5603147562329
13.2892526716587
22.3301066246526
32.1504684552443
20.0004941342609
13.9423328374449
6.6960910413932
7.15479318689142
4.49050231042941
1.95545937119774
2.79455134573213
2.94550716900713
4.34837989367878
3.69725372917501
6.04875993591219
6.53269128151264
11.8301181659558
7.21385708615548
8.75114450230903
12.035586601229
14.2818496704823
19.5427277337661
12.8873966478243
5.90545282699776
9.88444867944296
11.3280729516567
19.8053707440883
29.1211260857568
19.640387270502
13.8876725383957
6.68717729732247
7.08162262235499
4.44048245158623
1.89686604068956
2.7882381304023
2.88828405740461
4.63707338991445
4.10438341367118
6.14510929088606
6.87389909039878
12.1534860220209
6.90300564169982
8.55611819620397
11.4335075198035
13.0131114814186
17.6481064599312
11.3596968257717
4.93854773888955
8.16763054177297
10.1625344086276
17.1969662830435
24.7442903986426
16.812012330977
12.9717452034521
6.23355350714585
6.77472256539473
4.36950272518358
1.84172254631446
2.71050983655392
2.677127030609
4.61115089777802
3.98638474297383
5.583779549048
6.0805512605954
11.1768060749019
6.22509419616724
7.66772975966402
10.4700173747286
10.9820168065859
15.9706868002974
10.5383609196177
4.67116040858114
7.51049120085878
9.51643197617682
15.8822437265322
21.9051266748784
14.5355465492794
12.00349249428
6.0257647193445
7.27028410479968
4.37287736273068
1.86637795011208
2.78060830090997
2.54486948848473
4.2176642290699
3.54716272962804
4.91281260602896
4.78492788973497
9.22900323867594
5.44122312977229
6.71731882254861
9.35978505636556
9.98650910099673
14.9467845066805
9.53599575965908
4.25969343624547
6.77443715427013
8.06299868392401
14.6053243322846
20.689229699605
13.7927752244633
10.9347389488693
5.74610258279793
7.15062052224524
4.20705708460897
1.91184778993463
2.95753497815467
2.69779239480126
4.25111519443898
3.72418217918008
5.34046689353612
5.08645062651377
9.14993832930161
5.60334771207355
6.79041475067426
9.57840203025744
9.93317069834259
14.6781367022523
8.51768623758989
3.95535645549921
6.76943433679759
7.59589022692026
14.608215601064
22.0074353323247
13.9593508713447
11.7262355026685
5.98783167546585
7.28430115214733
4.67052062263053
2.29097263804507
3.64544013645995
3.39861211888964
5.40192172101329
4.91722045217223
6.98941494344334
6.69267024078278
11.3869948238903
6.5667215242044
7.8807342773189
11.6125394885487
11.3056252632747
16.6271163531069
9.10507664523927
4.2888010594602
7.48186635697846
8.07865093628923
16.0170419731664
25.1469811548079
14.9317968169512
12.0739615599893
5.93808663613398
7.3577113215618
4.86819605339867
2.3461339549334
4.00698530491999
3.80048493505847
6.45101256945333
5.75203458604525
8.07510075112066
7.08800571585211
11.9510770744238
7.07483815204153
7.92164990988884
12.0796420243224
11.7497308071085
16.5706279894203
8.66555205900037
4.20887773404451
7.25098462640209
8.52363347760786
16.3058944752057
26.2603227345088
15.7093349457955
12.0729532946434
5.80664926525786
7.61005996363012
5.13880353741551
2.36591360198023
3.88975554986515
3.8163763745805
6.70363235130596
5.87159502402259
7.66268013835445
6.30640117215451
11.2847188747798
6.99337019515134
7.57238909727821
11.1654452146983
11.422656854471
14.886525768442
7.37926170129086
3.88716057218003
7.10566744977761
8.92276530715204
15.7684334690273
23.9610262059058
14.8485212152593
11.9490720226307
5.78503252372544
8.06735740758016
5.42621303400838
2.43881446153166
3.77292015249226
3.70238886433785
6.3639882606479
6.17537783278005
7.61807085701569
6.08498299926176
11.3526260037153
6.95050261788506
7.96143540125263
11.6262750307788
11.997792019549
14.4590876585845
6.69042389653712
3.48276203380206
6.463593752818
8.45453853757448
14.6986095314519
22.3551127846073
13.6544719059598
11.5776600790363
5.61110300291164
7.5879375504534
5.14936493724695
2.23934654005097
3.5928604624569
3.78333041463281
6.83606559228805
6.93085063804779
8.6772341521523
6.63408670998169
12.0140296458346
7.86522246238281
8.37083057206733
12.0641948952442
12.519555229781
13.9599669364574
6.52388565888208
3.41739879422161
5.74282836009162
7.51061013099281
13.1685266296028
20.4426979825259
12.6095065487516
10.9836438753591
5.24377685198568
7.25861621767925
5.20556796666012
2.28733193674208
3.74143533082115
4.08491905670283
7.64000834820924
6.99057441380717
9.29100549485299
7.00583961764739
13.7530262943406
8.3279652690021
8.13631019173767
11.8345691937254
11.9357304196717
12.7535216932638
6.3265401284223
3.43636017744783
5.46622044507752
6.71626573234576
12.5221232801347
19.6327632587387
12.5524354346653
11.0162990705852
4.97269754529212
7.55966169453317
5.39603231348983
2.42928171401025
3.76527307731996
4.05442979445242
7.59351742556515
6.61934910037607
8.85136097772837
6.61477443940049
13.6532265809448
7.50326307371886
7.09061387361948
10.9401242695003
11.8454771781621
12.5585636654712
6.40649418144084
3.52625865865143
5.79952370740237
6.95218112268195
13.9948443737505
22.4208588387408
13.6688416063683
11.5906996907344
5.06599526370874
7.61670816471911
5.42091485042249
2.38812949105087
3.68043430834142
4.09447863098551
7.96939147432696
6.56368705998424
8.50733013400076
6.49330972728853
13.7010415294688
7.13217528442622
6.64399287949852
9.77903454779621
11.557281427939
12.138615472785
6.20679998905543
3.27771555812859
5.33366147495774
6.659529246597
14.1619320400361
24.1850130349806
14.4417193632866
11.5091143597737
5.06913144485734
7.72988332958295
5.45183695962652
2.36534568380181
3.86464605719533
4.60832576193761
9.23864934712156
6.98681903388108
8.89822156962472
6.64203506588444
14.2963310134374
7.1035265358602
6.60066341366845
9.67074368766419
11.6625134165899
11.9528093908956
6.19219859950697
3.05822995292349
5.06884761622567
6.42220288734424
14.6143997036867
25.8511921193283
15.0685775309642
11.2277606631715
5.2816186339899
7.95762967840183
5.12494198409113
2.08204918676892
3.65967549875208
4.63091267581365
9.72408800599992
7.15175828191743
9.06709230335329
6.83103683434643
14.687959328859
7.08771602436684
6.85748674441075
9.99030451128938
11.9757740798785
12.711241357193
6.39208124455313
3.2924112859909
5.48208528956603
7.00198332124998
16.1264490250483
27.1440878305125
15.3576362565299
11.0479189742961
5.16405289815068
7.78626230790616
5.16890506973206
2.05614830765221
3.5228440460978
4.45860121381736
8.70381385347626
6.56616430331002
8.59613821556054
6.72065604154388
14.4797444488052
7.0334835007345
7.05904816294949
9.98762284564792
12.0558036897731
13.641540688501
7.10704209009235
3.44646336526616
5.56982095115793
7.35078749666801
16.2165386366214
28.3403545767518
15.1507609719976
11.3090619010239
4.89151759533277
8.01821690605397
5.64286504355374
2.37934176541195
3.85583689859806
4.79980062370432
8.69589122560042
6.36590221633248
8.75166432137011
6.66790573565531
14.6907907612617
7.37187617279793
7.11187033595958
9.85062378647611
11.8638327750754
13.3082080667496
7.48262670418443
3.28812888144679
5.59907531428535
7.37742621678898
15.011018907643
25.5710659286537
14.5220462096224
12.0270951440126
5.27356153936733
8.74446651872834
5.74934076400888
2.4934081343237
4.30562809379847
5.08923994278782
9.46688654872623
6.89000205598673
9.26121269097737
7.63753526905778
16.5957251046851
8.4565071615937
7.78486112215306
10.4366424234076
13.0390882398793
14.3563337536736
8.20473886084334
3.67830648481582
6.35514814641203
8.09733093363903
15.712727822242
26.2440512537168
15.0268929311283
12.7363476716167
5.41589156897041
8.92420172215941
5.66129474272591
2.49467194800215
4.47711095769771
5.31020886824923
10.0858915338332
7.59151728054058
9.15546119208556
7.68589445864898
16.2599482291091
8.19029273342992
7.46352727728532
10.4446983348077
13.1284104986401
14.6851514481936
8.21080942078548
3.91390116292259
6.91146757459727
8.6264281578649
17.783981013227
30.3204959821475
17.8256433271394
13.9016761184924
5.98521835323678
9.57924737091242
6.17371841171722
2.64401811218414
4.98201105018209
5.96157246499293
11.3459928729836
8.40224759078394
9.18190205416773
7.11418127994598
15.2058702975172
7.50422312746385
6.62408559538548
9.78942132002093
11.9416026984112
13.473704979639
7.62718250541279
3.77683313581956
6.92195183482359
8.75058266355899
18.1165351771657
33.1154519586923
21.7833900048374
16.4206960459388
8.11551393459339
12.2058321186238
7.61509942633526
3.04330960714143
5.84292814007059
6.62014375014165
13.0039895356571
8.93840562233393
9.81377507991121
7.22220961699509
15.1898467559136
7.92536767557418
6.86075162681979
9.36934092880258
12.1595993377648
13.2348204591189
7.65047216985067
3.73891636688473
6.79367893313219
8.75189369265164
17.3680582388222
32.232090852147
21.8852141972709
16.6144411028951
7.54107070899563
11.1301073997232
7.12193493320817
2.86133028133535
5.46590713686094
6.05130721308756
12.0053390657298
8.00002790117716
9.5246050648765
7.07128541002025
15.0154457092702
8.31100171248154
7.43809236163262
9.78082767181869
12.1039120319797
13.2759913307736
7.38253173527247
3.53144088479419
6.43800735560778
8.35550917973954
17.0222062376659
30.904199699419
20.3687529233219
15.897114639245
6.37840521935702
8.76886322393204
5.7669873009205
2.33015169896013
4.73623764768758
5.44347878678054
11.3278119422554
7.54338956154016
9.47075886346727
7.09072595221022
15.25640891059
8.68116450174153
7.64022716529286
10.7769897210685
12.0862217705528
13.6787393988506
7.17646921207413
3.35412312517799
6.0009239010432
7.71619801049049
17.566740145439
31.6498880461333
19.5587947261357
14.2496593784984
6.00924638327032
8.28427268682147
5.45433051524108
2.20278668691857
4.85969187634631
5.54149022238029
11.7379600411225
7.79597636802898
9.87671066292302
7.43782957290811
15.3046611205311
8.97653959399728
7.53630571614692
10.9247096664644
12.4204280380516
14.4179003186074
7.46158740722507
3.56593004553137
6.10583851433076
7.26831760435563
17.0082991887933
30.8699105927752
18.1816164053254
13.1340406914571
5.60868573000232
8.07095361769917
5.30811236219516
2.15213256359685
5.27106545473797
6.04229304611694
12.42117315536
8.40651843206075
10.3868526425906
7.95429575781537
16.7629299976259
9.51535723266199
7.98650982423076
11.0894966580405
12.9993744083421
15.0923687315862
8.10879177506217
4.14041520682429
6.45762790464492
7.7474484246787
16.9223688710814
31.1373857581403
18.2520990245625
14.1289346688905
5.71078461248474
8.11595413702558
5.20162499159806
2.0839769146005
5.38854919283984
6.37205601427138
13.5784631170894
8.8722800956023
10.8091437144642
8.13282729051224
18.8710582944298
10.447219598583
8.70062557099479
11.8189600836688
13.4280867242309
14.9270862853583
7.3829958491107
3.58767803922128
5.47639996778828
6.58532379865359
14.7791524729002
26.9873585951119
17.4356115715686
13.9350175359721
5.78706076927979
8.74316790219346
5.86887650072891
2.23099829118574
5.54429137074724
6.39780391943003
13.2327497207501
8.216385157005
10.0596699314209
7.38038133167974
17.3017562570905
9.76361692249604
8.38267063152275
10.7226297725183
11.1215054894226
12.076784829616
5.99041785563234
2.86527611503804
4.57869717593518
5.22112691949743
11.9501552053591
22.3970358950763
15.152514681305
13.2572312999272
5.37709552943407
8.73761681674098
6.60700043220638
2.44825764189639
5.74227893181642
6.62625159345698
12.6834809330598
8.04814142024834
9.69913073546416
7.13240792041802
15.7153236606117
9.11120388184004
8.30905511838605
10.5915061130735
10.4331510045411
11.5260010766947
6.11157667710464
2.97413903626708
4.67490382299525
5.25136515389145
12.1151733661293
23.0086355391339
13.8352730078661
12.7970441352254
5.17171480813072
8.30971341803326
6.47671317039424
2.41449277267829
5.47222918741688
6.50188098234503
13.2965285702913
8.38886292249036
9.67965771790118
7.37615285086749
16.3869581485026
9.44930978693739
8.67940002652666
11.9320874520951
12.1475731708581
14.0207207312951
7.25583688978193
3.41153240729676
5.2605393792794
6.12639390762327
13.5579947675718
24.1328963576995
14.1848639649583
11.9956559925965
5.53283571187959
8.63969998176753
6.56090097064027
2.45212118468023
5.14854776930907
6.43820583600277
14.2042717994352
8.28867266419217
9.16812832584808
7.27032353679318
16.8956497496945
9.31014606706225
8.95000776600941
12.1799720525741
12.6893455698969
15.458097756895
7.40412761047621
3.51823424433185
5.23037847367237
6.40351821207792
14.4581121064762
25.0557870519401
14.77979306412
12.0765760616249
5.5531406576739
8.86730107421488
6.42803916442359
2.42395131151309
5.38376285549118
6.78659177334906
13.8934756565058
8.26697440379441
9.10262965683365
7.34015059528407
17.4444957928349
9.40854261363934
8.9837808129844
11.3558978979688
11.3510770923763
13.9636646408312
6.63909625513037
3.37318405900946
5.09884732768487
6.276393168296
14.6026503843708
26.773284466042
15.2554171773678
12.9835037845634
5.77901038646048
8.95858848398237
6.42337879436736
2.36791453899204
5.75746939048685
7.1344144559069
14.1353665398931
8.40678129168205
9.47921330686935
7.67023539324593
18.0107538055987
9.68015110478277
8.83924356341478
10.7235930552547
10.5095933193004
12.877855431748
6.38152288955152
3.14440883754656
5.11127916295041
6.28264921965363
14.2772769728998
27.3696490682103
15.5487184725457
13.2363685623234
5.62974632977216
8.37514391293093
6.01962566305996
2.27553566250938
5.5912797475934
7.19951422784548
14.9463102656985
8.76521684629898
9.72353086981399
8.11893946125207
19.3022077238982
10.8433481088555
9.03797840138007
10.890598063029
11.387837098764
13.7227154263373
6.68473291135227
2.96785690812263
4.93874789385969
6.22794895413042
14.5387715004794
26.4635600972495
15.9975884201285
13.3209761677367
5.48875686265793
7.98909283984263
5.50324161579292
2.16885426909234
5.2334998389869
7.02916501902053
15.1094402827839
8.79006848574835
9.79978271449235
8.30631601682406
21.1686925597098
12.498655847216
9.71994834978296
11.2068793273451
11.5715769722988
12.8636615213849
5.74538058810496
2.63138151764234
4.55833224571622
6.21287017426099
14.8824929073056
26.4800609256257
16.4818370743639
14.6653875872202
5.90044623689315
8.68285226730755
5.70202235660649
2.39849319508314
5.42025885472406
7.38760308009002
14.5051795007485
8.47314380790186
9.9670167065575
8.17182513555734
21.7880434349268
12.7047376213224
9.40186586390953
10.5620806418384
10.7487285283194
11.8604932871039
5.36262871816133
2.60230140189766
4.42861373378074
6.01374257234912
15.476255474944
27.8075900618699
17.6311134372042
15.4244091981899
6.01224446188541
8.8346549266862
5.53477733098415
2.37504054717593
5.17119298705994
7.05286897369316
13.220601659327
7.96575408586441
8.88352147799732
7.92410752284311
20.4891038916821
11.0153747694505
8.50359891255455
9.04221857168203
9.26910583909402
11.286092602524
5.3502954943413
2.56148363312434
4.05388138794775
5.2554415533862
13.9534022132577
25.3498833474728
15.9695073867405
13.7290427318647
5.13604438178574
7.57651099056516
4.72623391839088
1.93696305064956
4.60228135086874
6.78400820627958
12.9818484878761
8.16704337203225
9.41547558936302
8.81857623721999
22.0012517595541
10.673280702479
8.38903017371661
8.92364448491079
9.29491533582749
10.4267175849916
4.94211598604131
2.39238470844318
3.80810114522943
4.92978686137078
12.9918348663328
24.6536205669881
14.452232344873
13.8059409099578
4.88057627922261
7.29422514535074
4.76357852045754
2.0197039218345
4.85542015232382
7.37932345533788
14.1349824547845
8.48723631450653
10.0032450745468
9.14431868973777
22.1599764417081
10.3601926683625
8.29828145106344
9.17657836742208
10.0287613718502
10.6391597273648
5.23509426375616
2.48183673727112
4.07540130511075
5.11825929181257
13.8630768027737
26.0774294947839
14.9918680478725
14.21819290997
5.08220955695029
7.79457032618349
5.25756834165349
2.19507859582542
5.17173462420293
7.43997458909792
13.4397473992857
8.03860804944361
9.01987841016072
8.4771286605266
21.5826537767391
9.90931713397986
8.62658448807362
8.85337408705719
9.57088839954328
10.3317271368904
5.67157710434235
2.58968910180572
4.22554045566645
5.5241704910958
15.2314568440256
24.6945704852619
14.4792511519409
12.9280146322008
5.14221140310848
8.06912093974192
5.37404915197244
2.25001312028902
5.40870332249439
7.92099621166524
13.726434291093
8.54919585601576
9.54145499941797
8.56504606740425
22.75146413323
10.8669735180674
9.30905321124431
9.4526472135109
10.6170345796989
10.979400273828
5.97513100881651
2.7256414494559
4.17555426989442
5.37730143616037
16.7504269679594
25.8205592968375
14.1612494089902
12.3795667196502
5.19887252483566
7.74215558216999
5.12435789989447
2.30938528384713
5.64834446407174
8.67292173664912
14.6742149213551
8.65362917715365
9.98956147766782
8.3841148500575
22.9311326359955
11.4259215564955
9.53528642888836
9.73092083540191
10.7071476525894
11.5036892207007
6.1006862576609
2.86348186577439
3.79768062856624
4.53422127969759
14.6994670049027
22.6860212284733
11.7705978163411
10.7908392734066
4.66816473465043
6.86273270068946
4.57415597708576
2.1113785169306
5.40195288905366
8.62614058408776
13.9052161941922
7.97132455777249
9.54930215981521
7.78668942705454
21.2161945574471
10.3237616923842
8.45214363766685
8.55275147696038
9.95909868724753
11.3652267695627
5.98433346834077
2.7907539893256
3.64707222544995
4.28721297089563
14.0289958797869
21.8749259434284
12.1437572597062
11.1527457928303
4.83184732485927
7.139034906579
4.7983031740914
2.23623181622726
5.53642791168668
8.91960447421438
13.8709727769353
8.29650722560008
9.471286442516
7.87627122668695
21.3724547024379
9.85041466377649
8.27933601137372
9.04902067451106
10.221824945022
11.5668017201177
5.79216751492997
2.64568260757972
4.16408626514431
5.04923642341579
16.5960484499834
25.7859441440472
14.4789164406032
12.8513292388015
5.66522395931267
8.08338528341628
4.98865617560777
2.35801180101485
6.06452086177643
9.4960663507278
15.6274590631556
9.1784254121529
9.82416823518776
7.72450143050145
22.3411999916638
10.3496333319991
8.54789051052416
9.45752741958657
9.76480229992835
11.0864270522855
5.79004994512747
2.62859996685855
4.41306369544572
5.60781721741128
17.6204594145583
28.2617568272006
16.0328727882125
14.1654277148738
6.5330594512898
8.74591712791058
5.38448671322326
2.62113815788968
6.90438775226854
10.8803086784958
18.0442242662795
10.1034974948331
10.7935023693459
8.27265855165082
24.0246873244009
11.7827161939648
9.23728050156169
9.73141102185246
10.0856921839167
11.4666680139155
5.91265136056593
2.54692689900681
3.99522555458606
5.33939315457917
17.0607788060082
28.1916987473254
16.1831795019269
12.7954484671579
6.01514195268102
7.3894728418153
5.11090988360698
2.59420677938532
6.67282101347901
10.5246319602044
17.5503995759335
10.1498930289017
11.4611936187594
8.80097620411183
24.9757220839756
12.227059710721
9.7555926319455
9.59645034132075
10.6948390490882
11.8409146996619
5.97345978201296
2.50511714186562
3.76396632402752
4.95326954385036
16.5440853320661
27.3662674304115
15.6098426482596
11.543560640717
5.25684645322851
6.08073453200344
4.18423276078556
2.09363634577146
5.63059580843996
9.14398760960088
16.7402498847138
9.68799601065779
11.4400656337189
8.48518260685758
24.6061190045558
11.7375296182502
9.36140156658201
8.62537644834806
9.51387918345404
10.88387164683
5.66961957544012
2.58029208523437
3.95560266163588
4.86546001078703
16.2931599487541
28.6479461388757
16.4032189241726
12.3068821237857
5.49519270932764
5.96995171775231
3.91784221003658
1.96507462043423
5.24650324388554
8.89724649235242
16.2558977811886
9.2891211525351
10.6310566612065
7.89960163159971
24.8011606886224
11.7813129915667
8.98236904251954
8.36942406059008
8.79160346693168
10.487987308873
5.77105486624251
2.58331234049032
3.87790695863237
4.85597154012677
16.4925913829493
29.5859708946864
16.7811599741474
11.8004119228734
5.32879734691146
5.66167713076957
3.86854982797218
2.00792761971074
5.22643087891701
8.84652555306838
16.1405303586564
8.82916523795004
10.6738124366473
8.25030973781422
25.2051312154508
12.174976189105
8.88429288659265
8.10224120819202
9.09229681728127
10.3533064353947
5.55728395772326
2.35251595992523
3.57755537520864
4.51344669670939
16.0267256049095
28.9106813719053
16.2157154900876
11.0180418279149
5.00457161140964
5.49971617332772
3.86906928972015
2.05044597755741
5.53962982989424
8.59315864072099
16.0878741208307
8.85272028834347
11.280198958787
8.67894341989511
24.4685052588238
11.460365681597
8.58127023340566
7.81245785884026
8.47013986053888
9.52139872506663
4.83673028143587
2.00766139058743
3.20334643138079
4.01601687617154
13.5377144090051
26.3220937398198
15.5368620260775
11.0916183477763
5.20994656913694
5.93226851275631
4.0719581358999
2.14997540447414
5.84818392715552
8.48833460646354
15.5338653259938
9.43411312641734
11.3852092909093
8.63762790031016
24.5974198822655
10.4593667326055
8.30379991419496
7.61819235051352
7.51278855181719
8.46979682502722
4.90176499368813
1.98640567816993
3.32491433051929
4.14679426850215
13.4373288569938
27.1841594788025
15.4053973524214
12.0352913203312
5.79274420488931
6.47969887433431
4.14043073870125
2.02898942141609
5.53186698582921
8.22506493728387
15.3051128075659
9.02950045377785
10.7516475235647
8.2421234811377
23.4451399011956
9.44800857181876
7.58451722668969
7.02236509614784
7.00538938118639
7.78680929921522
4.73564665662548
1.859296781777
3.39905616456516
4.16312729619943
13.0735125072814
27.1488607106069
15.0222096299544
11.795969451949
5.77640483992501
6.55662597236567
4.31424844198614
2.05197406114875
5.19481511385079
8.44582375046717
15.5175898189416
8.93305315826269
10.6413033760513
8.14440800409226
21.7416330210332
9.42857207788174
7.24002291463394
6.61674716071145
6.66086881515568
7.78140964635798
4.4446613063238
1.79489052732747
3.24256114834341
4.20075610222434
13.1932135993019
27.7003725290192
14.8242182224177
11.4541584335037
5.47443996582234
6.26865285487083
4.16570624141018
2.09508056529227
5.00690254357542
8.63964624387039
15.1681294725196
9.60188608558302
12.1621925095293
8.88523769492439
21.9367287791784
9.73560713487505
7.05700488939216
6.67253301520436
6.95806459406703
8.27761733758665
4.71837961305133
1.89270955903697
3.21836559524057
4.22117694279422
13.4155141011514
26.7692465582256
13.4852769699024
10.7105157146592
4.9978991553397
5.92598596122702
3.69102953302551
1.73350054406019
4.38235709522346
7.74726002420178
13.3112566145712
8.24752458149812
11.3905177940012
8.58266541892908
21.4404036294782
9.57324431941469
7.14684003335352
7.11791845276197
7.75426775219229
9.07880482371312
5.1199096649638
1.96328210422239
3.38805138915445
4.35395996361027
13.5839279013099
27.0132769557822
13.4298116798813
11.3017625139397
5.08766067992337
5.97086547213827
3.5821659569764
1.67414125648891
4.47331190830314
7.81775461127272
13.9681172141337
8.02755369965411
11.2418767434353
8.95374358089412
22.3541949046482
10.2707037096678
8.05494285631635
7.93920605350475
8.35054196032319
9.63495772512602
5.12782059909101
1.95018492720306
3.43141258293127
4.21531683734386
13.9860905358172
27.9183944414898
14.9435465854975
11.7986391126154
5.36661642796242
5.90359271143902
3.65556608674169
1.72614951488974
4.93240627222699
8.63084472662962
15.4561464565349
8.84654639073827
12.0720362702294
10.0553660006343
24.6025733236653
11.6341556486608
9.01789684876111
8.67862049528312
8.84422474878874
10.0459657606291
5.24363515772112
1.82653251736908
3.07651718640784
4.08964832392212
13.0930845106806
27.5223695292739
16.3287326915245
12.222450491117
5.67908960760618
6.10599753081111
3.9511951199
1.78819107119391
5.28767607040547
8.99193400314801
15.6600091821574
8.36671253958576
11.0078528611689
9.75524952324283
24.5791666505277
10.8755628696812
8.622901607405
8.58391365658419
8.03462657117833
9.11482291532815
4.9863898867696
1.76173907366334
3.07491606043609
4.55560690668936
13.2499740593002
27.982716659085
16.8951169875799
13.0866998058265
6.43026789806129
7.1247875890359
4.41368112977128
1.95144353709337
5.75018631900806
9.59722920907782
18.1082002117527
8.83487834295427
10.8255008288227
10.0558889288737
25.5071567580881
11.2665055742752
9.03776024519847
8.79767973978167
7.63545662923773
8.82292243659992
4.6641037383169
1.75647554735189
3.32402899554466
4.95071736715262
14.9646459562715
30.4483342174588
17.4782915516248
13.8275666298299
6.46418352800839
7.20746434143692
4.32167406304799
1.89439183408027
5.59579446456126
9.54434497201347
19.2458138122792
9.00837730772983
10.7522015093525
9.89727972338412
25.865106295346
11.7466811049245
9.25768093256607
8.819815088143
8.13675439132251
9.31714217458648
4.44648436537067
1.74165927256768
3.35353641612122
4.98995239197357
14.1514329205299
29.777462576395
17.9256976026893
14.9829199131564
6.82196626697261
7.50281832389644
4.80323106468203
2.24398400955954
6.38698270235544
10.6737587024086
21.2352793047313
9.31046189650344
11.5384216560782
10.3576898778605
25.3003970061317
11.2424358645156
8.88163562633955
8.38735425499075
8.09235165372522
8.97713638346773
4.32732112414458
1.68771582262279
3.21984497565561
5.17437136555548
13.921323759343
28.5167793927093
19.1928248875902
16.194003513918
7.96126157294589
8.4380651171091
5.27483980910449
2.29393823095226
6.59563003682104
11.5846801131902
21.9360533146835
9.57615266327632
12.1425587388704
10.6050219704331
24.2854073934455
10.5387143530398
8.57506304807633
8.31360691371305
8.04086365832099
9.71007172493574
4.83252373880973
1.74083124984801
3.1739359174961
5.30728117277812
14.8895183592855
29.6718946843147
18.9869043629555
15.7233891605786
7.76914735394202
8.59187629129962
5.14447036971296
2.05360465216483
6.26000106525426
11.8118111970094
20.5222453950185
9.2914629456421
11.5802337618795
10.2077663641801
22.5674267124188
10.5863375287313
8.4509655320979
8.35367314804153
8.50666682949745
10.6478169728264
5.22208294241855
1.82797049473439
3.23382280329185
5.1364215189487
14.395807357103
31.0197197059061
18.5433027063466
15.1721322343871
7.10956510202552
8.46643763717674
5.19560378781494
2.21231938083468
6.36932437250394
12.794931603243
22.8657266947275
9.10061861103355
11.5610742203314
10.8357954979369
23.4925966300607
11.0849451535161
8.77228001234864
7.82226847831392
8.0777729055287
9.92237409585529
5.21561449105224
1.8966236786012
3.41055748968999
5.1045856419816
13.8920816617547
30.6673124628061
19.0553824394157
15.6658254209253
7.10444421242753
8.05936544483351
5.16548180416303
2.36615753977387
6.54422825364098
13.3287114783493
25.4309952290212
9.26359045370498
11.550802420453
10.8616608774106
23.0830278628022
10.3789051546452
7.90817705555567
7.34639397873782
7.93704164068858
9.73988853562877
5.58938165501644
1.89679515445692
3.56287911752769
5.40109375122329
13.9472824522993
28.5613724064742
18.6419651789235
14.4111070903106
6.71946670033662
7.37357319721939
4.92190119151529
2.240374441791
6.69897074590864
12.4029902257593
21.9607346370416
8.65225584023706
10.6837580069589
9.88003769871582
21.0887181640999
10.0556794116445
7.75134990818695
7.7889396778575
8.49587933272332
9.58751226857204
5.269714547671
1.74004562981945
3.33795375469448
5.19176275819909
13.1896899851675
26.9707314682774
18.0954856890106
13.5254199707616
6.36179336957647
7.38238749614079
5.03992771587555
2.25520709188502
6.84472592034942
12.3568418415257
21.4902486907264
9.35673926909243
11.4701782079226
10.5938870508645
23.5006374474834
11.0657843398413
8.58975123748666
8.09940136855696
8.3124627096065
9.09759742412522
4.92722438862866
1.64872127070013
3.23496457852236
4.85358219498204
12.7683877003275
27.3906494922888
18.6480940081885
13.9352606631918
6.46366136502742
8.00686571120318
5.24852923779652
2.32959328955323
6.80564260387167
12.2337362709899
20.4178374927698
9.67818930949411
11.3822189580636
9.96182354663317
21.2637943803684
10.2978447953538
8.30883139880977
8.1385749577993
7.98181899728078
8.92728582947311
5.39133209525915
1.89098518935176
3.62743263875312
5.27037969984942
14.7536430049676
32.3175860595656
20.1161190601508
14.2638597530485
6.64141054124423
8.40578083334367
5.21400144914919
2.24434341501595
6.48507516640708
11.4740210086027
19.4471803630904
9.61253013740499
11.0253749277421
9.3400556496748
18.3791913590691
8.87239863608809
7.2759201843184
7.81028351060311
7.57643297596125
8.6493104765097
5.21500868681385
1.87014058661554
3.64203928412665
5.50600676464128
15.3218578580882
32.7900547112841
20.1029455179514
13.8832560047456
6.59559154368103
8.10371300727988
5.32148719533792
2.28122801681922
6.79478171952286
11.9816654968672
21.2263375875082
9.72006326126819
11.163557924918
9.71130644935353
19.8067842405928
8.91578923225628
7.18343258241146
7.5404758145445
7.45182597498766
8.94128909637356
5.42823859827119
1.87775080379955
3.62148889973422
5.4724925406385
14.7955875545571
29.1666644060643
18.665315416356
12.8152542037405
6.33688392185537
8.04018503150485
5.20677443710162
2.29897962116061
6.60307159889003
11.649678089671
18.9067263088437
9.05647510677955
10.4700058981326
9.83636627886967
21.1253441409719
9.04445178791231
7.50844726758933
8.0583905968467
8.36654754461499
10.4472292370666
6.49591385225165
2.13858295085148
3.58369367000573
5.00698416228882
13.4287731762964
26.9662903580718
16.8841739807781
12.1633981968946
5.87845357986546
7.65751088602096
4.73523357686273
2.18179071525369
5.92387676665087
10.7245732348161
16.7563518131969
8.46513799885232
9.94148337525818
9.23564415737164
19.9111344072756
8.69340622595979
7.32971495018088
8.28072193849723
9.58829142181276
11.7459309826523
6.89249896944339
2.29157854995838
3.84605436995429
5.32979748013532
14.1206041200072
29.2939161506062
17.9695995319843
12.8271580270156
5.99313601627734
7.4730816038049
4.70321127734909
2.25049828626592
6.22731433389804
11.1299375811365
18.1705530605132
8.5227826250716
9.47741881790361
8.2445185723863
16.567125862642
7.72175084302579
6.61943829592242
8.19529404433629
9.52114121792504
10.9049274902651
5.93328569306638
2.15900629991003
4.0234194773155
5.83660719303799
15.4700198875244
30.5846887216877
20.2129831615438
13.4687664809914
6.1413026842344
7.35784456878064
4.46665824086041
2.14662849175627
5.91873011648889
10.1971486913646
16.2776814800721
7.50259140470212
8.50613386324668
7.42298954741992
15.5879382367955
7.28661721434491
