TEMP
9.6
7
8.8
8.6
7.4
8.8
7.4
7.4
7
7
8.6
5.6
4.6
7.2
5.6
6.8
6.6
5.4
5.4
5
4.8
3.8
2.8
11.2
12.4
9.6
6.4
8.2
6
7
8.4
6.2
7.8
5.2
6.4
14
11.4
9.8
10.6
7
6.8
13.2
11.2
13
9.6
13.8
9.4
6.8
4.6
9.4
10
14.2
15
14.6
9.2
6.4
11
16
13.6
12.4
13.6
12.8
13.6
14.2
14
13.8
13.6
12.4
13.6
10.4
11.8
15
14
13
10.4
10.2
14.8
13.4
12
8.4
6.8
9.2
9
12.6
9.8
14.6
9.6
7.2
13.4
14
13
10.6
9.4
8.8
11.2
9.8
6.2
9.8
9.6
9.6
8.2
7
10
14.4
12.4
14.6
12.2
12.4
10.2
12.4
10
6.6
10.6
8.2
9
12
14.6
14
13.4
12.8
13.4
15
12.4
11.8
12.8
10.2
10.4
10.8
13.4
15.2
14.2
13.2
13
14.4
14.8
15
12.6
14.6
17.6
17.2
18
18
18.2
16.4
15.4
16
17
15.2
14.6
12.6
14.6
16
16.6
18.2
20
20.4
18.4
15
16.4
18
17
18
18.4
17.2
17
16.4
15.8
19.4
19.4
16.6
22.4
21.8
18.6
16.8
16.6
19.8
18.2
17
21
19.8
18.4
24.6
21
20.2
23
19.6
20
23.2
19.2
18
18.6
19.8
21
19.4
17.6
22
19.4
20.4
20.4
21.4
21
20
22
21.4
18.8
20.6
20.4
24
20.4
19.6
20.2
19.6
19.6
18.6
20
21
20.6
21.2
20.4
24.6
22.6
19.6
19.2
18.6
18.6
21.4
21
21.8
21.4
20.8
23.2
22.8
20.4
19.4
19.2
21.6
20.4
23.8
22.4
21.4
22
21.2
22
21.8
21
22.8
20
19.4
20.4
22.2
22.4
22
24.2
21.6
21.8
20.6
18.8
22
23.2
21
22.6
21.4
21
20
19.6
23.4
20.2
19.8
16.6
21
21.2
19.8
21.2
18.4
18
17.6
16.6
16.2
16.6
13.6
15.4
15.2
12.4
12.4
12.2
14.2
18
16.2
12.6
15
13.4
14.8
13.8
15.2
13.2
12.4
13
12
12.6
15.8
15.2
16
16.8
14.2
11.4
8.8
7.8
5.8
8.8
13
15.6
16.4
15.2
14.2
12.6
10
10.6
10
10.4
11.4
8.4
9.8
9
9.6
10.8
7.2
5
9
9.2
7
6.2
4
5.2
1.6
2.4
4
10.4
11.4
11.6
12
9.4
9.8
4.6
2.4
6
7.6
10.4
8.2
5.8
2.4
10.4
12.4
11.4
7
6.4
8.4
4.6
9
8
9.6
13
11.4
7.6
7.8
10.6
11.2
7
4.4
9.6
8.6
6.6
8.2
7
8
8.8
5
5.4
6.8
1
2.4
8.6
5.4
5.8
5.4
8.4
8.8
7.6
6
4
7.6
6.6
7.6
5.4
3.2
7
6
6.8
5.6
4
4
2.8
9.6
9
5.2
4.6
5
7
5.4
5.2
3.6
2.2
4
2.2
9.2
6.4
8.4
6.6
7
5.6
5
7.2
5.6
10
8.6
10
8
8.2
7.4
12.4
11.2
8.4
5.8
10
11.2
11.6
10
9.6
9.6
11
10.6
11.6
11
11.6
8.4
8
7
10.2
6
10.6
8
10.2
8.4
11.2
12.4
12
9
6.6
7.6
8.4
8.4
10.2
6.4
8.8
11.8
7.8
7.6
11.4
8.4
6.2
6.6
8
10.6
8.6
10.8
12.6
13.6
12
10.6
7.8
11.2
10.8
8.8
10.4
12.6
10
12.6
12.6
11
7.8
8.4
13
9.4
9.4
8
9.2
11.6
11
10.2
10.2
13